   1   3   1   0  0.8535574E+02  0.2000000E+04
  CAR 
 unknown system                          
   0   0   0
   1   1
 256 256 256
 256
  0.1000000E-09
  0.6250000E-11
   1
  0.5000000E-15  0.6350160E-09  0.6350160E-09  0.6350160E-09
  0.1065969E+04  0.1065969E+04
  0.000
  0.000
  0.000
  0.000
  0.000
  0.000
  0.000
  0.000
  0.000
  0.000
  0.000
  0.000
  0.000
  0.916
 41.093
 51.321
 42.567
 14.229
  0.000
  0.000
  1.677
  2.888
  3.810
  5.171
  5.345
  3.907
  2.826
  2.281
  2.215
  0.533
  0.000
  0.000
  0.000
  0.000
  0.000
  0.000
  0.000
  0.000
  0.000
  0.000
  0.000
  0.000
  0.000
  0.000
  0.000
  0.000
  0.000
  0.000
  0.000
  0.000
  0.000
  0.000
  0.000
  0.000
  0.000
  0.000
  0.000
  0.000
  0.000
  0.000
  0.000
  0.000
  0.000
  0.000
  0.000
  0.000
  0.000
  0.000
  0.000
  0.000
  0.000
  0.000
  0.056
  0.120
  0.187
  0.166
  0.307
  0.358
  0.406
  0.267
  0.240
  0.254
  0.213
  0.144
  0.309
  0.721
  1.130
  0.993
  0.879
  0.729
  0.824
  0.578
  0.557
  0.562
  0.528
  0.515
  0.396
  0.406
  0.369
  0.339
  0.397
  0.356
  6.426
  1.756
  2.425
  1.245
  0.366
  0.374
  0.362
  0.459
  0.434
  0.510
  0.504
  0.562
  0.624
  0.692
  0.758
  0.631
  0.316
  0.192
  0.201
  0.254
  0.304
  0.288
  0.260
  0.440
  0.639
  0.972
  1.119
  0.958
  0.695
  0.508
  0.876
  1.639
  1.484
  1.159
  1.091
  1.003
  0.921
  0.852
  0.788
  0.736
  0.722
  0.730
  0.689
  0.790
  0.703
  0.745
  0.756
  0.798
  0.905
  0.936
  1.042
  1.132
  1.333
  1.003
  0.641
  0.648
  0.848
  0.801
  0.656
  0.547
  0.818
  0.987
  1.187
  0.683
  0.535
  0.442
  0.442
  0.335
  0.337
  0.346
  0.336
  0.364
  0.347
  0.404
  0.358
  0.434
  0.392
  0.448
  0.355
  0.342
  0.377
  0.329
  0.333
  0.345
  0.518
  0.820
  0.936
  0.759
  0.433
  0.311
  0.294
  0.286
  0.309
  0.274
  0.220
  0.174
  0.174
  0.155
  0.142
  0.176
  0.203
  2.056
  0.951
  0.505
  0.334
  0.259
  0.254
  0.278
  0.414
  0.547
  0.750
  0.891
  0.806
  0.752
  0.782
  0.931
  0.813
  0.713
  1.031
  1.115
  0.981
  0.880
  0.847
  0.802
  0.835
  0.869
  0.853
  0.865
  0.892
  0.898
  0.971
  1.363
  1.671
  1.423
  1.260
  1.238
  1.099
  1.363
  1.693
  1.405
  1.017
  0.865
  0.696
  0.619
  0.667
  0.663
  0.701
  0.708
  0.640
  0.643
  0.553
  0.552
  0.549
  0.503
